processed=200
OA=0.5562442519943084
mIoU=0.43290267167233026
IoU=0.26001837607804884,0.6631609201061509,0.5677518593235968,0.3457644388054542,0.18760596514366612,0.559700329012124,0.4463168132372711
classes=building,road,water,barren,forest,agriculture,background_like
